sk__Bacteria;k__;p__Bacteroidetes;c__Bacteroidia;o__Bacteroidales;f__Bacteroidaceae;g__Bacteroides
	2	6	0	0	2	11	6	14	0	4	4	4	1	6	5	5	8	7	0	0	9	7	4	4	6	9	3	6	8	4	1	1	4	5	0	5	2	2	3	0	2	0	4	2	0	7	3	4	6	5	3	3	8	6	5	5	2	8	7	7	3	6	4	5	4	2	3	7	3	5	4	2	0	2	0	3	4	0	4	4	7	2	4	5	4	7	0	4	0	11	8	2	3	4	2	5	2	0	0	3	4	1	4	6	10	0	4	4	4	0	3	4	7	6	6	6	2	4	2	0	3	4	4	4	7	5	2	6	6	4	3	0	4	3	0	4	8	2	4	1	3	7	4	2	13	7	11	3	3	3	7	6	5	2	4	4	5	7	5	5	10	4	3	4	2	4	0	7	3	3	5	5	4	2	0	2	0	7	4	7	5	1	2	5	0	3	2	6	0	4	2	8	2	7	4	3	4	8	3	3	0	8	6	4	4	4	2	3	2	0	4	6	9	6	5	4	2	4	0	2	4	4	0	2	0	1	4	1	0	7	3	6	3	4	3	0	8	3	7	5	6	3	5	1	4

sk__Bacteria;k__;p__Firmicutes;c__Clostridia;o__Clostridiales
	9	9	0	15	6	18	11	13	0	0	8	8	13	13	6	7	10	3	0	0	1	1	20	10	32	16	3	5	5	0	18	10	9	6	8	20	0	6	7	1	8	3	19	19	1	8	14	10	18	21	1	21	3	14	10	3	15	7	7	6	6	12	5	18	9	6	4	3	13	5	2	7	6	2	14	5	5	0	24	8	3	3	11	8	0	13	0	10	16	5	8	7	2	0	26	5	5	5	4	6	6	12	2	12	10	5	0	20	8	7	11	24	16	5	4	5	4	10	5	11	10	12	10	0	5	11	5	8	1	6	11	6	9	11	5	2	7	9	13	12	15	9	13	4	11	8	2	13	23	14	14	2	13	8	16	11	16	18	4	3	14	8	3	3	10	3	19	2	12	6	12	18	7	20	3	14	0	7	9	8	17	16	1	5	0	7	12	14	0	3	16	10	11	5	8	17	13	11	11	10	13	1	14	11	9	6	0	10	9	12	0	5	7	14	7	9	10	6	16	10	6	0	0	10	3	11	7	15	11	22	14	7	12	15	14	5	9	9	4	9	6	12	20	16	6
sk__Bacteria;k__;p__Firmicutes;c__Clostridia;o__Clostridiales;f__Lachnospiraceae
	6	7	0	1	6	18	9	16	2	0	10	10	10	2	11	20	4	5	0	0	10	10	6	7	7	16	0	15	8	0	11	16	9	5	5	11	5	17	2	1	11	7	7	5	3	8	15	4	16	4	6	8	9	8	20	4	1	6	16	20	1	23	3	14	3	10	1	7	2	8	9	1	4	1	12	6	16	1	12	11	4	5	4	8	6	17	0	8	8	15	7	5	8	8	17	3	10	4	7	9	1	16	3	17	3	5	0	8	6	6	23	23	13	5	6	8	5	8	7	5	7	3	10	2	10	13	3	15	5	6	4	7	10	13	5	3	4	2	2	8	11	10	10	11	10	4	5	6	12	5	10	3	12	20	6	17	7	29	2	0	9	15	7	3	4	1	17	15	6	11	9	9	8	10	1	3	0	15	7	19	1	19	7	6	0	9	12	13	0	4	16	3	14	4	5	2	6	4	7	5	6	5	12	9	8	10	0	4	8	5	0	3	13	7	7	6	16	8	6	11	9	1	0	11	6	15	12	16	4	4	13	5	8	17	8	5	4	7	12	9	9	12	1	16	7
sk__Bacteria;k__;p__Firmicutes;c__Clostridia;o__Clostridiales;f__Lachnospiraceae;g__Roseburia
	2	0	0	4	0	2	2	3	0	0	2	1	0	0	4	2	0	0	0	0	1	0	0	3	0	1	0	0	0	2	5	0	0	10	3	0	1	0	0	0	0	1	2	3	1	3	2	3	1	0	1	2	3	0	0	0	2	1	1	2	3	2	2	0	0	3	1	1	0	1	2	0	0	1	2	3	0	0	4	0	0	2	1	2	0	2	0	4	5	3	2	0	2	0	4	0	0	7	0	2	0	0	0	0	0	1	0	4	3	2	0	3	1	0	1	1	2	0	0	1	0	0	1	0	0	0	1	1	1	2	1	1	2	1	1	0	6	0	0	2	2	3	1	0	2	7	0	0	0	0	2	2	4	1	0	0	0	1	0	1	4	3	5	0	1	2	4	0	0	1	1	0	0	3	0	0	0	5	1	1	1	2	1	0	0	1	2	2	0	0	1	0	0	0	2	1	0	4	4	0	1	1	1	0	0	0	0	3	3	3	0	0	1	0	0	3	1	0	0	0	4	0	0	0	0	1	0	1	2	1	0	0	2	0	1	0	0	4	2	4	1	2	0	2	0
sk__Bacteria;k__;p__Firmicutes;c__Clostridia;o__Clostridiales;f__Oscillospiraceae;g__Oscillibacter
	3	4	0	0	0	1	2	3	0	0	1	2	3	4	2	1	4	5	0	0	0	1	4	1	8	5	2	5	0	0	5	10	4	4	2	3	2	7	2	0	2	0	2	1	0	5	1	2	3	3	2	8	1	4	5	5	2	3	6	0	1	4	0	4	0	0	0	5	4	1	3	0	0	3	1	2	10	0	7	4	0	0	0	3	0	6	0	4	2	2	5	0	3	0	2	3	0	0	2	1	3	1	0	1	6	0	1	3	1	0	1	2	4	4	1	3	1	0	0	2	0	5	7	2	1	4	0	4	0	0	3	0	4	3	0	0	3	0	6	2	5	6	6	0	1	4	7	2	8	2	1	0	3	7	6	2	4	3	2	2	5	2	0	0	2	3	1	5	2	4	0	4	4	3	0	4	0	0	0	1	0	9	0	4	0	1	7	4	0	0	4	1	4	2	0	4	0	4	5	0	0	6	3	3	5	3	0	0	1	2	0	2	6	2	3	0	4	2	0	3	0	0	0	4	3	2	2	4	1	0	6	0	4	2	4	0	3	2	5	2	0	1	3	10	4
sk__Bacteria;k__;p__Firmicutes;c__Clostridia;o__Clostridiales;f__Ruminococcaceae
	4	3	0	0	2	8	9	10	0	0	4	7	7	11	3	4	6	5	0	0	4	1	1	2	9	11	0	8	4	3	19	15	8	4	1	4	4	10	10	0	5	2	9	10	0	5	3	8	9	5	7	16	1	3	13	6	2	13	5	5	7	8	0	9	3	6	6	3	7	13	4	1	1	1	3	5	17	0	18	5	2	0	4	8	1	13	0	6	3	3	15	2	6	3	8	2	4	2	3	7	7	7	0	7	8	4	0	8	8	3	14	8	3	9	7	5	3	5	1	2	10	4	4	0	7	8	4	7	3	2	4	0	5	13	0	0	3	2	9	6	17	10	10	5	0	2	3	0	13	4	4	5	6	9	16	9	7	14	2	4	4	5	0	6	1	3	5	4	3	13	4	6	8	4	0	19	1	9	6	10	3	11	0	5	0	11	10	10	0	2	13	1	6	2	11	11	0	3	8	0	0	4	9	8	10	4	0	5	6	0	0	0	7	4	4	3	4	3	2	18	4	0	0	7	1	8	7	16	3	11	14	2	2	8	2	4	7	8	0	11	7	3	7	16	5
sk__Bacteria;k__;p__Firmicutes;c__Clostridia;o__Clostridiales;f__Ruminococcaceae;g__Faecalibacterium
	4	5	0	3	2	4	4	5	0	1	2	6	2	3	5	3	3	5	0	0	3	1	4	3	7	3	0	3	3	4	5	3	2	2	0	5	3	4	2	0	4	2	2	1	0	3	1	5	4	3	5	3	4	4	4	4	2	4	3	7	2	4	4	5	2	4	6	3	1	2	3	5	2	4	3	1	4	0	3	4	2	4	0	4	2	3	0	4	3	2	4	0	4	2	2	2	2	0	0	3	3	3	1	7	4	4	1	3	3	0	6	1	6	3	2	4	2	6	7	3	2	3	4	3	4	1	1	5	5	3	2	0	3	4	0	2	6	4	3	1	3	5	4	6	5	2	3	4	3	0	5	2	3	3	3	3	2	6	4	3	5	5	4	2	3	1	3	5	4	5	2	3	4	0	0	4	0	5	5	7	2	4	1	2	0	3	4	6	0	1	4	2	4	4	1	2	7	7	3	1	0	2	1	6	2	4	2	0	3	0	2	2	4	4	3	0	4	2	0	5	2	0	0	3	2	2	3	4	4	4	3	5	3	5	4	4	3	0	4	3	7	3	4	5	3
sk__Bacteria;k__;p__Firmicutes;c__Clostridia;o__Clostridiales;f__Ruminococcaceae;g__Ruminococcus
	2	3	0	0	0	2	3	0	0	0	2	1	7	2	3	3	2	1	0	0	2	1	0	2	6	3	0	0	7	0	7	8	3	2	0	1	1	5	2	0	0	0	2	0	0	3	2	1	3	3	0	3	4	4	2	4	0	4	0	2	1	1	3	1	0	2	3	5	2	2	1	0	1	0	1	0	5	0	5	4	1	1	2	5	3	1	0	1	2	3	4	2	2	0	3	1	4	0	0	4	2	2	0	1	2	2	0	0	1	2	1	2	4	3	3	5	0	1	2	0	3	3	0	0	3	3	0	6	1	0	1	0	2	6	0	0	4	1	2	2	6	5	5	3	2	4	0	3	4	0	3	4	2	9	1	5	4	2	1	0	3	3	2	0	0	0	1	2	0	3	3	0	2	1	0	1	0	3	1	3	0	9	1	2	0	2	3	3	0	0	4	1	1	4	0	3	2	3	0	0	0	0	6	1	3	1	0	0	3	0	0	0	4	2	2	0	2	0	0	6	1	0	0	2	3	2	1	11	0	0	6	0	0	4	2	0	4	0	0	1	4	1	2	4	5
sk__Bacteria;k__;p__Actinobacteria;c__Coriobacteriia;o__Coriobacteriales;f__Coriobacteriaceae;g__Collinsella
	3	4	0	0	0	0	2	1	0	0	0	2	2	0	1	2	0	0	0	0	1	5	1	3	0	3	0	0	0	0	2	1	1	4	0	1	0	3	0	0	3	0	0	0	0	1	0	0	2	0	2	3	0	1	2	0	1	2	5	1	0	2	0	5	0	0	1	0	0	0	0	0	0	0	0	2	2	0	2	2	0	1	0	2	1	3	0	2	3	2	2	0	1	0	0	0	2	0	0	1	0	0	0	3	0	0	0	0	0	0	2	0	2	0	0	3	2	0	0	0	0	0	0	0	0	1	1	0	3	1	1	0	2	3	0	0	1	0	0	1	3	2	0	2	3	0	1	0	1	0	1	0	2	2	3	1	1	0	1	0	0	0	2	1	2	0	0	3	1	2	0	1	1	0	0	0	0	3	0	2	0	2	2	2	0	0	3	3	0	1	1	0	3	0	1	2	0	2	2	0	0	0	0	3	1	0	0	0	0	1	0	0	3	0	2	0	2	0	0	3	0	0	0	1	0	0	1	2	0	1	2	0	3	1	2	0	0	0	0	1	1	4	2	2	1
sk__Bacteria;k__;p__Bacteroidetes;c__Bacteroidia;o__Bacteroidales
	0	0	0	0	0	0	0	1	0	0	0	3	1	2	0	0	1	1	0	0	1	0	3	0	4	0	0	2	0	0	0	0	3	1	0	2	1	0	3	0	0	0	0	0	0	1	0	2	2	3	2	0	0	3	1	0	0	2	3	2	0	1	0	1	0	0	0	1	2	1	0	1	0	0	0	1	0	0	0	0	0	0	0	0	1	0	0	2	0	2	0	1	0	0	0	0	1	0	0	0	1	0	0	2	2	0	0	0	0	0	2	0	1	1	0	1	2	2	0	0	0	2	1	0	2	1	1	3	3	0	0	0	2	0	0	2	1	0	2	2	0	1	3	0	2	0	0	0	2	0	1	1	0	0	1	1	3	2	0	1	3	0	0	0	0	0	0	2	2	2	1	2	2	0	0	2	0	2	1	1	0	1	0	0	0	0	1	1	0	0	0	1	0	3	0	2	0	0	3	0	0	1	1	2	1	1	0	0	0	0	0	2	4	2	0	0	1	1	0	0	0	0	0	0	0	0	0	0	0	2	1	0	0	0	0	0	3	0	1	2	0	0	1	3	1
sk__Bacteria;k__;p__Bacteroidetes;c__Bacteroidia;o__Bacteroidales;f__Odoribacteraceae;g__Odoribacter
	3	2	0	0	0	0	0	2	0	0	0	0	3	2	0	0	4	0	0	0	0	0	0	0	0	1	0	2	0	0	0	0	1	3	0	0	3	0	3	0	3	0	2	0	0	3	3	0	2	0	2	2	0	0	1	0	0	1	0	0	0	3	0	3	0	0	0	0	2	0	0	3	0	1	0	0	0	0	2	0	0	0	0	1	0	1	0	2	0	0	1	0	0	0	3	0	0	0	0	2	3	0	0	1	0	0	0	2	0	0	2	2	2	0	0	0	0	0	0	0	0	3	3	0	0	0	1	0	0	0	0	0	3	0	0	0	1	0	3	0	2	2	3	0	2	2	2	0	2	0	3	0	2	0	3	4	2	0	0	0	3	0	0	0	0	2	0	0	0	0	0	0	3	1	0	3	0	2	0	0	0	0	0	0	0	0	3	3	0	0	0	0	3	1	0	2	0	1	1	0	0	0	0	3	1	2	0	0	0	0	0	0	2	4	1	0	2	0	0	0	0	0	0	0	0	0	2	0	0	0	0	0	0	2	5	0	2	0	1	1	0	2	1	0	0
sk__Bacteria;k__;p__Bacteroidetes;c__Bacteroidia;o__Bacteroidales;f__Tannerellaceae;g__Parabacteroides
	3	2	0	0	2	3	0	2	0	0	1	4	2	2	2	0	4	1	0	0	1	0	2	1	4	4	2	3	0	1	2	2	0	2	0	1	0	1	0	0	3	0	0	0	0	0	0	0	3	2	2	2	1	2	5	1	1	1	2	0	0	3	1	2	4	0	0	0	0	2	1	2	0	0	0	3	2	0	5	4	3	0	0	0	0	3	0	3	0	2	0	1	0	1	0	1	0	0	0	1	0	0	0	2	3	0	3	0	1	0	1	0	0	1	2	0	2	0	0	0	0	0	3	1	4	4	3	1	0	1	0	0	0	0	0	0	0	0	0	4	0	1	1	0	3	4	3	2	2	0	2	1	5	1	0	4	2	1	2	1	2	2	0	0	0	0	0	1	2	1	0	2	3	0	0	0	0	1	2	1	4	1	0	0	0	0	1	3	0	0	1	1	0	3	0	2	3	1	0	0	0	1	1	1	0	0	0	0	0	0	0	2	3	4	0	0	4	1	0	1	0	0	0	2	0	0	4	1	0	3	1	2	2	2	1	0	3	0	2	3	0	4	2	2	1
sk__Bacteria;k__;p__Firmicutes
	0	1	0	0	4	1	0	4	0	0	3	1	1	2	1	1	4	0	0	0	1	1	2	3	2	1	0	1	1	0	0	0	0	0	2	0	0	0	0	0	1	3	5	1	0	1	2	2	1	0	0	0	0	1	1	1	2	1	0	0	5	1	0	1	0	1	0	0	0	1	0	0	1	0	3	0	0	0	2	0	0	1	1	0	1	0	0	0	3	2	1	0	3	1	1	0	1	1	0	1	1	4	2	1	3	3	0	3	4	3	3	5	1	0	3	2	1	4	0	2	1	0	0	0	1	0	0	0	1	2	1	2	0	0	4	1	0	3	1	1	3	1	1	0	0	3	1	2	3	1	1	0	0	1	1	2	0	3	1	0	5	6	1	3	1	0	2	1	0	0	6	0	0	3	0	1	0	5	1	3	2	3	0	2	0	3	1	1	0	0	4	0	0	0	2	3	1	0	0	2	5	0	4	1	1	0	0	4	6	3	0	0	0	1	0	1	0	0	2	1	1	0	0	1	1	4	1	2	5	2	0	3	3	0	2	1	3	1	0	0	2	2	0	1	0
sk__Bacteria;k__;p__Firmicutes;c__Bacilli;o__Lactobacillales;f__Streptococcaceae;g__Streptococcus
	2	0	0	1	0	0	1	1	5	0	0	3	2	0	0	3	0	0	0	1	0	0	1	1	3	1	0	0	0	0	2	2	0	0	1	4	0	2	0	3	2	0	3	3	0	0	0	0	2	0	0	0	0	2	4	0	0	0	0	2	2	1	0	0	2	2	0	0	0	0	1	0	0	1	1	2	3	0	2	0	0	0	3	1	0	1	2	0	1	0	2	0	2	2	2	0	2	3	0	3	0	2	2	2	3	1	0	3	1	0	2	2	0	0	0	2	0	3	1	3	2	0	0	0	0	1	0	0	1	2	0	0	0	1	4	0	0	0	0	1	0	1	0	1	0	0	0	2	0	4	1	0	1	2	0	1	0	0	0	0	2	0	1	0	3	0	2	0	3	3	0	2	2	2	0	0	0	3	0	1	0	2	2	4	0	1	0	2	4	0	3	0	0	2	0	2	0	0	0	1	1	0	3	0	0	0	0	2	2	1	0	0	3	1	0	2	2	0	0	3	0	2	0	2	0	1	0	4	0	2	2	3	2	2	3	1	0	2	0	1	2	2	1	3	0
sk__Bacteria;k__;p__Firmicutes;c__Clostridia;o__Clostridiales;f__Clostridiaceae;g__Butyricicoccus
	2	0	0	0	0	1	1	0	0	0	1	0	0	0	1	0	2	0	0	0	0	1	2	3	0	1	0	1	1	0	2	1	0	1	0	0	0	0	0	0	1	0	0	0	0	0	0	2	1	1	0	1	0	0	2	0	1	2	0	0	1	1	0	1	0	0	0	0	0	1	1	0	1	0	1	0	1	0	1	0	0	1	0	1	0	1	0	1	2	1	2	0	1	0	1	1	2	0	0	1	0	1	0	0	0	1	0	0	1	1	2	1	0	0	0	1	4	1	0	0	2	0	0	0	1	1	2	1	0	0	0	0	0	1	0	0	2	0	0	0	1	0	0	1	0	1	2	1	0	0	1	0	3	0	0	1	0	0	0	0	0	0	0	0	0	0	1	0	1	1	0	0	0	0	0	0	0	1	2	1	0	1	0	1	0	1	1	1	0	0	0	1	1	2	0	0	1	1	0	0	0	0	3	0	0	0	0	0	1	1	0	0	1	2	1	0	1	0	0	1	1	0	0	2	0	1	1	0	0	0	2	1	0	0	0	0	0	0	0	2	0	1	0	2	1
sk__Bacteria;k__;p__Firmicutes;c__Clostridia;o__Clostridiales;f__Clostridiaceae;g__Clostridium
	0	0	0	4	0	0	2	1	0	0	1	0	0	0	0	0	0	0	0	0	0	0	2	4	0	1	0	0	0	0	0	2	0	3	1	2	0	2	0	0	0	0	1	0	0	0	1	3	1	2	0	0	0	4	0	0	1	0	0	4	0	2	0	0	0	1	1	1	0	0	0	0	0	0	0	2	2	4	2	0	0	0	3	0	0	0	1	3	2	2	0	0	0	0	0	0	2	5	0	1	0	0	0	1	2	0	0	0	1	0	1	0	0	1	0	2	0	0	0	1	2	0	0	0	1	0	0	1	0	2	0	1	1	0	1	0	1	0	0	2	0	0	1	1	1	1	0	3	2	1	0	0	1	1	2	1	1	0	0	0	2	0	0	0	0	0	0	6	0	2	0	3	0	1	4	0	0	1	0	1	0	1	3	0	0	2	0	1	0	0	1	0	0	1	0	2	2	0	1	0	2	0	0	0	0	0	0	0	1	0	0	0	0	0	0	1	0	0	0	1	0	1	0	0	1	3	0	2	2	3	3	0	1	0	0	2	0	2	0	0	0	0	2	2	0
sk__Bacteria;k__;p__Firmicutes;c__Clostridia;o__Clostridiales;f__Lachnospiraceae;g__Blautia
	1	3	0	2	0	0	2	1	1	0	3	5	1	1	0	2	3	0	0	0	2	0	2	4	3	2	0	0	5	0	1	5	0	0	0	2	0	3	1	0	2	1	2	5	0	3	1	2	1	1	0	1	0	3	2	2	2	3	1	4	0	4	0	1	1	0	0	2	0	0	0	0	1	1	6	1	2	0	2	1	0	0	2	2	0	1	0	1	4	0	1	2	1	0	3	0	2	1	0	2	0	1	0	1	3	3	0	4	3	1	3	1	2	0	1	1	3	1	0	4	1	1	0	1	1	1	0	3	1	4	0	3	3	0	0	0	1	2	0	1	0	1	2	4	1	2	0	2	2	3	2	0	0	1	2	7	0	0	2	0	5	3	3	0	0	0	1	1	2	4	3	4	1	1	0	1	0	1	1	1	1	4	1	1	0	3	0	1	0	0	3	0	2	3	0	0	2	2	3	2	1	0	2	2	2	0	0	0	2	3	0	0	2	4	0	5	0	0	2	2	2	0	0	2	0	4	1	3	5	3	3	1	2	5	4	4	0	2	0	4	1	3	2	4	0



